1	T0ARRAY	20180823	0AANO100	4.708	19.292	0	0	0	0	0	0	0	0	0	0	0	0	2018/8/24 上午 11:17:01
2	T0ARRAY	20180823	0ACOA100	18.982	5.006	0	0	0	0	0	0.011	0	0	0	0	0	0	2018/8/24 上午 11:17:01
3	T0ARRAY	20180823	0ACOA200	17.75	5.806	0	0	0	0	0	0.443	0	0	0	0	0	0	2018/8/24 上午 11:17:01
4	T0ARRAY	20180823	0ACOA300	12.511	11.489	0	0	0	0	0	0	0	0	0	0	0	0	2018/8/24 上午 11:17:01
5	T0ARRAY	20180823	0ACOA400	10.224	4.281	0	0	7.703	1.792	0	0	0	0	0	0	0	0	2018/8/24 上午 11:17:01
6	T0ARRAY	20180823	0ACOA500	22.382	1.618	0	0	0	0	0	0	0	0	0	0	0	0	2018/8/24 上午 11:17:01
7	T0ARRAY	20180823	0ACOA600	20.882	3.074	0	0	0	0	0	0.043	0	0	0	0	0	0	2018/8/24 上午 11:17:01
8	T0ARRAY	20180823	0ACOA700	18.926	5.074	0	0	0	0	0	0	0	0	0	0	0	0	2018/8/24 上午 11:17:01
9	T0ARRAY	20180823	0ACVD100	23.183	0.53	0	0	0	0	0	0	0	0	0.286	0	0	0	2018/8/24 上午 11:17:01
10	T0ARRAY	20180823	0ACVD200	15.038	0.094	0	0	0	0	0	0.166	0	0	7.501	0	1.201	0	2018/8/24 上午 11:17:01
11	T0ARRAY	20180823	0ACVD300	20.217	0.337	0	0	0	0	0	1.857	1.589	0	0	0	0	0	2018/8/24 上午 11:17:01
12	T0ARRAY	20180823	0ACVD400	20.414	0.276	0	0	0	0	0	1.351	1.96	0	0	0	0	0	2018/8/24 上午 11:17:01
13	T0ARRAY	20180823	0ADET100	17.795	0.308	0	0	0	1.341	0	0.038	0	0	1.133	0	3.385	0	2018/8/24 上午 11:17:01
14	T0ARRAY	20180823	0ADET200	20.556	0.353	0	0	0.308	2.699	0	0.084	0	0	0	0	0	0	2018/8/24 上午 11:17:01
15	T0ARRAY	20180823	0ADET300	16.288	0.207	0	0	4.574	1.369	0	1.219	0.011	0	0.332	0	0	0	2018/8/24 上午 11:17:01
16	T0ARRAY	20180823	0ADET400	21.688	0.689	0	0	0	0	0	0.38	0	0	0	0	1.243	0	2018/8/24 上午 11:17:01
17	T0ARRAY	20180823	0ADEV100	21.325	2.675	0	0	0	0	0	0	0	0	0	0	0	0	2018/8/24 上午 11:17:01
18	T0ARRAY	20180823	0ADEV200	13.016	10.293	0	0	0	0	0	0.691	0	0	0	0	0	0	2018/8/24 上午 11:17:01
19	T0ARRAY	20180823	0ADEV300	16.326	7.393	0	0	0	0	0	0.081	0	0	0	0	0.201	0	2018/8/24 上午 11:17:01
20	T0ARRAY	20180823	0ADEV400	18.187	4.832	0	0	0	0	0	0.981	0	0	0	0	0	0	2018/8/24 上午 11:17:01
21	T0ARRAY	20180823	0ADEV500	21.255	2.266	0.2	0	0	0	0	0.279	0	0	0	0	0	0	2018/8/24 上午 11:17:01
22	T0ARRAY	20180823	0ADEV600	16.972	5.354	0	0	0	0	0	1.674	0	0	0	0	0	0	2018/8/24 上午 11:17:01
23	T0ARRAY	20180823	0AEXP100	22.728	0.709	0	0	0	0	0	0.563	0	0	0	0	0	0	2018/8/24 上午 11:17:01
24	T0ARRAY	20180823	0AEXP200	23.214	0.765	0	0	0	0	0	0.021	0	0	0	0	0	0	2018/8/24 上午 11:17:01
25	T0ARRAY	20180823	0AEXP300	22.92	0.045	0	0	0	0	0	1.035	0	0	0	0	0	0	2018/8/24 上午 11:17:01
26	T0ARRAY	20180823	0AEXP400	20.199	0.057	2.991	0	0	0	0	0.753	0	0	0	0	0	0	2018/8/24 上午 11:17:01
27	T0ARRAY	20180823	0AEXP500	17.699	0.119	0	0	0	0	0	5.796	0	0	0.387	0	0	0	2018/8/24 上午 11:17:01
28	T0ARRAY	20180823	0AEXP600	18.806	0.275	2.652	0	0	0	0	2.268	0	0	0	0	0	0	2018/8/24 上午 11:17:01
29	T0ARRAY	20180823	0AEXP700	21.956	0.053	0	0	0	0	0	1.484	0	0	0.508	0	0	0	2018/8/24 上午 11:17:01
30	T0ARRAY	20180823	0AEXP800	20.921	0.518	0.216	0	0	0	0	2.259	0	0	0	0	0.086	0	2018/8/24 上午 11:17:01
31	T0ARRAY	20180823	0AEXP900	18.963	0.241	0.087	0	0	0	0	0.048	0	0	4.662	0	0	0	2018/8/24 上午 11:17:01
32	T0ARRAY	20180823	0AEXPA00	21.438	0.315	0	0	0	0	0	1.924	0	0	0	0	0.323	0	2018/8/24 上午 11:17:01
33	T0ARRAY	20180823	0AINC100	8.545	13.516	0	0	0	0	0	0.522	1.416	0	0	0	0	0	2018/8/24 上午 11:17:01
34	T0ARRAY	20180823	0AORO100	22.834	1.166	0	0	0	0	0	0	0	0	0	0	0	0	2018/8/24 上午 11:17:01
35	T0ARRAY	20180823	0APDC100	22.334	1.666	0	0	0	0	0	0	0	0	0	0	0	0	2018/8/24 上午 11:17:01
36	T0ARRAY	20180823	0APDC200	11.428	6.321	0	0	1.733	1.728	0	0.884	1.907	0	0	0	0	0	2018/8/24 上午 11:17:01
37	T0ARRAY	20180823	0APVD100	11.028	12.961	0	0	0	0	0	0.011	0	0	0	0	0	0	2018/8/24 上午 11:17:01
38	T0ARRAY	20180823	0APVD200	7.043	16.957	0	0	0	0	0	0	0	0	0	0	0	0	2018/8/24 上午 11:17:01
39	T0ARRAY	20180823	0APVD300	13.381	10.619	0	0	0	0	0	0	0	0	0	0	0	0	2018/8/24 上午 11:17:01
40	T0ARRAY	20180823	0APVD400	6.858	16.617	0	0	0.525	0	0	0	0	0	0	0	0	0	2018/8/24 上午 11:17:01
41	T0ARRAY	20180823	0APVD500	12.294	11.706	0	0	0	0	0	0	0	0	0	0	0	0	2018/8/24 上午 11:17:01
42	T0ARRAY	20180823	0APVD600	18.158	5.842	0	0	0	0	0	0	0	0	0	0	0	0	2018/8/24 上午 11:17:01
43	T0ARRAY	20180823	0APVD700	13.773	10.227	0	0	0	0	0	0	0	0	0	0	0	0	2018/8/24 上午 11:17:01
44	T0ARRAY	20180823	0ASTR100	19.509	4.491	0	0	0	0	0	0	0	0	0	0	0	0	2018/8/24 上午 11:17:01
45	T0ARRAY	20180823	0ASTR200	19.863	4.137	0	0	0	0	0	0	0	0	0	0	0	0	2018/8/24 上午 11:17:01
46	T0ARRAY	20180823	0ASTR300	20.702	3.298	0	0	0	0	0	0	0	0	0	0	0	0	2018/8/24 上午 11:17:01
47	T0ARRAY	20180823	0ASTR400	16.118	7.882	0	0	0	0	0	0	0	0	0	0	0	0	2018/8/24 上午 11:17:01
48	T0ARRAY	20180823	0ASTR500	19.73	2.175	0	0	0	0	0	1.535	0.56	0	0	0	0	0	2018/8/24 上午 11:17:01
49	T0ARRAY	20180823	0ATES100	17.359	3.658	0	0	0	0	0	0	0	0	0	0	2.983	0	2018/8/24 上午 11:17:01
50	T0ARRAY	20180823	0ATES200	20.964	3.02	0	0	0	0	0	0.016	0	0	0	0	0	0	2018/8/24 上午 11:17:01
51	T0ARRAY	20180823	0ATES300	22.733	0.938	0	0	0	0	0	0.329	0	0	0	0	0	0	2018/8/24 上午 11:17:01
52	T0ARRAY	20180823	0AWET100	12.521	10.934	0	0	0	0	0	0.545	0	0	0	0	0	0	2018/8/24 上午 11:17:01
53	T0ARRAY	20180823	0AWET200	15.763	8.216	0	0	0	0	0	0.021	0	0	0	0	0	0	2018/8/24 上午 11:17:01
54	T0ARRAY	20180823	0AWET300	15.607	6.042	0	0	0	0	0	2.351	0	0	0	0	0	0	2018/8/24 上午 11:17:01
55	T0ARRAY	20180823	0AWET400	16.007	7.29	0	0	0	0	0	0.703	0	0	0	0	0	0	2018/8/24 上午 11:17:01
56	T0ARRAY	20180823	0AWET600	6.705	17.22	0	0	0	0	0	0.075	0	0	0	0	0	0	2018/8/24 上午 11:17:01
57	T0CELL	20180823	0CASM100	1.356	16.479	5.946	0	0	0	0	0.051	0	0	0	0	0.168	0	2018/8/24 上午 11:17:01
58	T0CELL	20180823	0CASM200	23.276	0.015	0	0	0	0	0	0.048	0	0	0	0	0.661	0	2018/8/24 上午 11:17:01
59	T0CELL	20180823	0CPIL100	22.679	0.101	0	0	0	0	0	0.195	0.245	0	0	0	0.781	0	2018/8/24 上午 11:17:01
60	T0CELL	20180823	0CPIL200	21.515	0.106	0	0	0	0	0	1.009	1.027	0	0	0	0.343	0	2018/8/24 上午 11:17:01
61	T0CELL	20180823	0CPIL300	0	24	0	0	0	0	0	0	0	0	0	0	0	0	2018/8/24 上午 11:17:01
62	T0CELL	20180823	0CRUB100	19.903	2.675	0	0	0	0	0	0.053	0	0	0	0	1.369	0	2018/8/24 上午 11:17:01
63	T0CELL	20180823	0CRUB200	22.013	1.872	0	0	0	0	0	0.115	0	0	0	0	0	0	2018/8/24 上午 11:17:01
64	T0CELL	20180823	0CRUB300	23.339	0.507	0	0	0	0	0	0.154	0	0	0	0	0	0	2018/8/24 上午 11:17:01
65	T0CELL	20180823	0CRUB400	20.205	3.296	0	0	0	0	0	0.251	0	0	0	0	0.249	0	2018/8/24 上午 11:17:01
66	T1ARRAY	20180823	1AANO100	23.394	0.067	0	0	0	0	0	0.539	0	0	0	0	0	0	2018/8/24 上午 11:17:01
67	T1ARRAY	20180823	1AANO200	24	0	0	0	0	0	0	0	0	0	0	0	0	0	2018/8/24 上午 11:17:01
68	T1ARRAY	20180823	1ACVD100	21.136	0.009	0	0	1.752	0	0	0.284	0	0	0	0	0.819	0	2018/8/24 上午 11:17:01
69	T1ARRAY	20180823	1ACVD200	14.059	9.675	0	0	0	0	0	0.265	0	0	0	0	0	0	2018/8/24 上午 11:17:01
70	T1ARRAY	20180823	1ACVD300	0.157	23.843	0	0	0	0	0	0	0	0	0	0	0	0	2018/8/24 上午 11:17:01
71	T1ARRAY	20180823	1ACVD400	20.772	3.228	0	0	0	0	0	0	0	0	0	0	0	0	2018/8/24 上午 11:17:01
72	T1ARRAY	20180823	1ACVD500	0	0	0	0	0	0	0	0	0	24	0	0	0	0	2018/8/24 上午 11:17:01
73	T1ARRAY	20180823	1ACVD600	0	0	0	0	0	0	0	0	0	24	0	0	0	0	2018/8/24 上午 11:17:01
74	T1ARRAY	20180823	1ACVD700	11.698	10.512	0	0	0	0	0	1.05	0	0	0	0	0.74	0	2018/8/24 上午 11:17:01
75	T1ARRAY	20180823	1ACVD800	18.883	4.91	0	0	0	0	0	0.207	0	0	0	0	0	0	2018/8/24 上午 11:17:01
76	T1ARRAY	20180823	1ADET100	15.107	8.893	0	0	0	0	0	0	0	0	0	0	0	0	2018/8/24 上午 11:17:01
77	T1ARRAY	20180823	1ADET200	15.363	7.928	0	0	0	0	0	0.709	0	0	0	0	0	0	2018/8/24 上午 11:17:01
78	T1ARRAY	20180823	1ADET300	22.092	1.676	0	0	0	0	0	0.232	0	0	0	0	0	0	2018/8/24 上午 11:17:01
79	T1ARRAY	20180823	1ADET400	21.864	2.136	0	0	0	0	0	0	0	0	0	0	0	0	2018/8/24 上午 11:17:01
80	T1ARRAY	20180823	1ADET500	15.831	7.865	0	0	0	0	0	0.303	0	0	0	0	0	0	2018/8/24 上午 11:17:01
81	T1ARRAY	20180823	1ADET600	8.095	15.905	0	0	0	0	0	0	0	0	0	0	0	0	2018/8/24 上午 11:17:01
82	T1ARRAY	20180823	1AINC300	19.454	4.371	0	0	0	0	0	0.175	0	0	0	0	0	0	2018/8/24 上午 11:17:01
83	T1ARRAY	20180823	1APDC100	19.227	4.773	0	0	0	0	0	0	0	0	0	0	0	0	2018/8/24 上午 11:17:01
84	T1ARRAY	20180823	1APDC200	19.764	4.236	0	0	0	0	0	0	0	0	0	0	0	0	2018/8/24 上午 11:17:01
85	T1ARRAY	20180823	1APDC300	11.781	6.95	0	0	5.174	0.094	0	0	0	0	0	0	0	0	2018/8/24 上午 11:17:01
86	T1ARRAY	20180823	1APDC400	15.191	8.641	0	0	0	0	0	0.167	0	0	0	0	0	0	2018/8/24 上午 11:17:01
87	T1ARRAY	20180823	1APDC500	16.632	7.368	0	0	0	0	0	0	0	0	0	0	0	0	2018/8/24 上午 11:17:01
88	T1ARRAY	20180823	1APDC600	17.874	6.126	0	0	0	0	0	0	0	0	0	0	0	0	2018/8/24 上午 11:17:01
89	T1ARRAY	20180823	1APDC700	13.952	10.048	0	0	0	0	0	0	0	0	0	0	0	0	2018/8/24 上午 11:17:02
90	T1ARRAY	20180823	1APHT100	18.307	0	0	0	0	0	0	1.526	0	0	3.253	0	0.914	0	2018/8/24 上午 11:17:02
91	T1ARRAY	20180823	1APHT200	20.529	0.027	0	0	0	0	0	2.913	0	0	0.514	0	0.017	0	2018/8/24 上午 11:17:02
92	T1ARRAY	20180823	1APHT300	14.869	0.609	0	0	0	0	0	3.255	0	0	4.198	0	1.069	0	2018/8/24 上午 11:17:02
93	T1ARRAY	20180823	1APHT400	12.776	0.027	0	0	0	0	0	8.166	0	0	0	0	3.032	0	2018/8/24 上午 11:17:02
94	T1ARRAY	20180823	1APHT500	21.673	0.175	0	0	0	0	0	1.796	0	0	0.305	0	0.051	0	2018/8/24 上午 11:17:02
95	T1ARRAY	20180823	1APHT600	12.473	0.094	0	0	0	0	0	0.532	0	0	8.712	0	2.189	0	2018/8/24 上午 11:17:02
96	T1ARRAY	20180823	1APHT700	17.076	0.035	0	0	0	0	0	0.524	0	0	5.82	0	0.544	0	2018/8/24 上午 11:17:02
97	T1ARRAY	20180823	1APHT800	15.34	0.019	0	0	7.542	0	0	0.489	0	0	0.198	0	0.411	0	2018/8/24 上午 11:17:02
98	T1ARRAY	20180823	1APHT900	2.844	0	0	0	0	0	0	0	0	0	21.156	0	0	0	2018/8/24 上午 11:17:02
99	T1ARRAY	20180823	1APHTA00	14.427	0.098	0	0	0	0	0	3.727	0	0	0	0	5.748	0	2018/8/24 上午 11:17:02
100	T1ARRAY	20180823	1APHTB00	21.338	0	0	0	0	0	0	0	0	0	2.662	0	0	0	2018/8/24 上午 11:17:02
101	T1ARRAY	20180823	1APHTC00	24	0	0	0	0	0	0	0	0	0	0	0	0	0	2018/8/24 上午 11:17:02
102	T1ARRAY	20180823	1APHTD00	18.56	0.92	0	0	0	0	0	0.289	0	0	3.308	0	0.923	0	2018/8/24 上午 11:17:02
103	T1ARRAY	20180823	1APHTF00	17.674	0.023	0	0	0	0	0	4.449	0	0	0.746	0	1.108	0	2018/8/24 上午 11:17:02
104	T1ARRAY	20180823	1APHTG00	18.161	0.972	0	0	0	0	0	2.068	0	0	2.644	0	0.154	0	2018/8/24 上午 11:17:02
105	T1ARRAY	20180823	1APHTH00	16.626	0.01	0	0	0	0	0	4.352	0	0	2.893	0	0.119	0	2018/8/24 上午 11:17:02
106	T1ARRAY	20180823	1APVD100	21.12	0.207	0	0	0.215	0	0	0.697	0	0	0	0	1.761	0	2018/8/24 上午 11:17:02
107	T1ARRAY	20180823	1APVD200	15	7.594	0	0	0	0	0	1.406	0	0	0	0	0	0	2018/8/24 上午 11:17:02
108	T1ARRAY	20180823	1APVD300	10.574	13.151	0	0	0	0	0	0.276	0	0	0	0	0	0	2018/8/24 上午 11:17:02
109	T1ARRAY	20180823	1APVD400	17.411	6.589	0	0	0	0	0	0	0	0	0	0	0	0	2018/8/24 上午 11:17:02
110	T1ARRAY	20180823	1APVD500	19.257	4.743	0	0	0	0	0	0	0	0	0	0	0	0	2018/8/24 上午 11:17:02
111	T1ARRAY	20180823	1APVD600	21.649	1.481	0	0	0	0	0	0	0	0	0	0	0.87	0	2018/8/24 上午 11:17:02
112	T1ARRAY	20180823	1APVD700	3.62	17.048	0	0	0	0	0	0	0	0	0	0	3.332	0	2018/8/24 上午 11:17:02
113	T1ARRAY	20180823	1APVD800	10.709	13.291	0	0	0	0	0	0	0	0	0	0	0	0	2018/8/24 上午 11:17:02
114	T1ARRAY	20180823	1APVD900	4.038	12.012	7.95	0	0	0	0	0	0	0	0	0	0	0	2018/8/24 上午 11:17:02
115	T1ARRAY	20180823	1ASTR100	9.216	14.784	0	0	0	0	0	0	0	0	0	0	0	0	2018/8/24 上午 11:17:02
116	T1ARRAY	20180823	1ASTR200	17.802	4.11	0	0	0	0	0	2.088	0	0	0	0	0	0	2018/8/24 上午 11:17:02
117	T1ARRAY	20180823	1ASTR300	21.341	1.123	0	0	0	0	0	1.535	0	0	0	0	0	0	2018/8/24 上午 11:17:02
118	T1ARRAY	20180823	1ASTR400	22.981	1.019	0	0	0	0	0	0	0	0	0	0	0	0	2018/8/24 上午 11:17:02
119	T1ARRAY	20180823	1ASTR500	21.71	2.29	0	0	0	0	0	0	0	0	0	0	0	0	2018/8/24 上午 11:17:02
120	T1ARRAY	20180823	1ASTR600	17.047	6.953	0	0	0	0	0	0	0	0	0	0	0	0	2018/8/24 上午 11:17:02
121	T1ARRAY	20180823	1ASTR700	19.716	4.284	0	0	0	0	0	0	0	0	0	0	0	0	2018/8/24 上午 11:17:02
122	T1ARRAY	20180823	1ASTR800	21.714	2.286	0	0	0	0	0	0	0	0	0	0	0	0	2018/8/24 上午 11:17:02
123	T1ARRAY	20180823	1ASTR900	2.301	21.656	0	0	0	0	0	0.043	0	0	0	0	0	0	2018/8/24 上午 11:17:02
124	T1CELL	20180823	1ASTRA00	0	24	0	0	0	0	0	0	0	0	0	0	0	0	2018/8/24 上午 11:17:02
125	T1ARRAY	20180823	1ASTRB00	16.285	7.715	0	0	0	0	0	0	0	0	0	0	0	0	2018/8/24 上午 11:17:02
126	T1ARRAY	20180823	1ATES120	23.591	0.409	0	0	0	0	0	0.001	0	0	0	0	0	0	2018/8/24 上午 11:17:02
127	T1ARRAY	20180823	1ATES130	23.351	0.408	0	0	0	0	0	0.241	0	0	0	0	0	0	2018/8/24 上午 11:17:02
128	T1ARRAY	20180823	1ATES220	23.282	0.261	0	0	0	0	0	0.458	0	0	0	0	0	0	2018/8/24 上午 11:17:02
129	T1ARRAY	20180823	1ATES230	22.559	0.37	0	0	0	0	0	1.071	0	0	0	0	0	0	2018/8/24 上午 11:17:02
130	T1ARRAY	20180823	1ATES320	23.024	0.244	0	0	0	0	0	0.732	0	0	0	0	0	0	2018/8/24 上午 11:17:02
131	T1ARRAY	20180823	1ATES330	23.851	0.149	0	0	0	0	0	0	0	0	0	0	0	0	2018/8/24 上午 11:17:02
132	T1ARRAY	20180823	1ATES420	23.975	0.025	0	0	0	0	0	0	0	0	0	0	0	0	2018/8/24 上午 11:17:02
133	T1ARRAY	20180823	1ATES430	23.975	0.025	0	0	0	0	0	0	0	0	0	0	0	0	2018/8/24 上午 11:17:02
134	T1ARRAY	20180823	1ATES500	23.932	0.068	0	0	0	0	0	0.001	0	0	0	0	0	0	2018/8/24 上午 11:17:02
135	T1ARRAY	20180823	1ATES600	23.093	0.255	0.593	0	0	0	0	0.059	0	0	0	0	0	0	2018/8/24 上午 11:17:02
136	T1ARRAY	20180823	1ATES700	0	0	0	0	0	0	0	0	0	24	0	0	0	0	2018/8/24 上午 11:17:02
137	T1ARRAY	20180823	1AWET100	19.63	3.961	0	0	0	0	0	0.41	0	0	0	0	0	0	2018/8/24 上午 11:17:02
138	T1ARRAY	20180823	1AWET200	20.768	2.339	0	0	0	0	0	0.893	0	0	0	0	0	0	2018/8/24 上午 11:17:02
139	T1ARRAY	20180823	1AWET300	22.812	0.774	0	0	0	0	0	0.414	0	0	0	0	0	0	2018/8/24 上午 11:17:02
140	T1ARRAY	20180823	1AWET400	12.866	11.097	0	0	0	0	0	0.036	0	0	0	0	0	0	2018/8/24 上午 11:17:02
141	T1ARRAY	20180823	1AWET500	14.392	9.608	0	0	0	0	0	0	0	0	0	0	0	0	2018/8/24 上午 11:17:02
142	T1ARRAY	20180823	1AWET600	13.635	10.365	0	0	0	0	0	0	0	0	0	0	0	0	2018/8/24 上午 11:17:02
143	T1ARRAY	20180823	1AWET700	17.001	6.999	0	0	0	0	0	0	0	0	0	0	0	0	2018/8/24 上午 11:17:02
144	T1ARRAY	20180823	1AWET800	12.245	11.539	0	0	0	0	0	0.216	0	0	0	0	0	0	2018/8/24 上午 11:17:02
145	T1CELL	20180823	1CASM100	16.12	0	0.543	0	0	0	0	4.424	0	0	0	0	2.914	0	2018/8/24 上午 11:17:02
146	T1CELL	20180823	1CASM200	2.253	0	0	0	0	0	0	2.307	0	0	13.524	0	1.328	4.589	2018/8/24 上午 11:17:02
147	T1CELL	20180823	1CASM300	19.503	0	0	0	0	0	0	1.332	0	0	0	0.246	2.92	0	2018/8/24 上午 11:17:02
148	T1CELL	20180823	1CPAL100	0	0	0	0	0	0	0	0	0	24	0	0	0	0	2018/8/24 上午 11:17:02
149	T1CELL	20180823	1CPIL100	10.728	2.94	0	0	0	0	0	1.063	0.359	0	1.698	0	4.288	2.924	2018/8/24 上午 11:17:02
150	T1CELL	20180823	1CPIL200	9.578	6.12	0.421	0	0	0	0	0.827	0	0	0	0	7.054	0	2018/8/24 上午 11:17:02
151	T1CELL	20180823	1CRUB100	12.979	6.58	0.071	0	0	0	0	0.32	0	0	0	2.563	1.488	0	2018/8/24 上午 11:17:02
152	T1CELL	20180823	1CRUB200	20.808	0.981	0.106	0	0	0	0	0.406	0	0	0	0	1.699	0	2018/8/24 上午 11:17:02
153	T1CELL	20180823	1CRUB300	11.522	5.171	0.043	0	0	0	0	0.512	0	0	3.372	0	1.28	2.1	2018/8/24 上午 11:17:02
154	T1CELL	20180823	1CRUB400	17.451	5.472	0	0	0	0	0	0	0	0	0	0	1.077	0	2018/8/24 上午 11:17:02
155	T1CELL	20180823	1CRUB500	0	19.54	0	0	0	0	0	0	0	0	3.413	0	0	1.047	2018/8/24 上午 11:17:02
156	T1CELL	20180823	1CSSB400	17.057	0.03	0	0	0	0	0	3.909	0.793	0	0	2.072	0.139	0	2018/8/24 上午 11:17:02
157	T1CELL	20180823	1CSSB500	19.136	0.08	0	0	0	0	0	0.64	0.206	0	0	2.85	1.088	0	2018/8/24 上午 11:17:02
158	T1CELL	20180823	1CSSB600	21.409	0.177	0	0	0	0	0	0.035	0	0	0	1.949	0.43	0	2018/8/24 上午 11:17:02
159	T1CELL	20180823	1CSSB700	20.38	0.142	0.184	0	0	0	0	0.276	0.239	0	0	2.346	0.433	0	2018/8/24 上午 11:17:02
160	T1CELL	20180823	1CSSB800	1.143	17.117	2.902	0	0	0	0	0.085	0	0	0	1.234	1.519	0	2018/8/24 上午 11:17:02
161	T1CELL	20180823	1CSSB900	4.146	0	19.365	0	0	0	0	0	0	0	0	0.218	0.271	0	2018/8/24 上午 11:17:02
162	T1CELL	20180823	1CSSBA00	0	0	0	0	0	0	0	0	0	24	0	0	0	0	2018/8/24 上午 11:17:02
163	T1CF	20180823	1FBBL100	3.619	0	0	0	0	0	0	0.056	0	0	3.254	0	2.119	14.953	2018/8/24 上午 11:17:02
164	T1CF	20180823	1FBML100	19.678	1.122	0	0	0.109	0	0	0.184	0	0	0	0	2.907	0	2018/8/24 上午 11:17:02
165	T1CF	20180823	1FGGL100	0	17.157	0	0	0	0	0	0	0	0	0	0	0	6.843	2018/8/24 上午 11:17:02
166	T1CF	20180823	1FIFL100	6.191	16.473	0	0	0.197	0	0	0	0	0	0	0	1.139	0	2018/8/24 上午 11:17:02
167	T1CF	20180823	1FISL100	21.719	2.281	0	0	0	0	0	0	0	0	0	0	0	0	2018/8/24 上午 11:17:02
168	T1CF	20180823	1FITL100	21.983	0	0	0	0	0	0	2.017	0	0	0	0	0	0	2018/8/24 上午 11:17:02
169	T1CF	20180823	1FITO100	0	9.427	14.534	0	0	0	0	0	0	0	0	0	0.039	0	2018/8/24 上午 11:17:02
170	T1CF	20180823	1FITO200	21.685	0.471	0	0	0	0	0	0.958	0	0	0	0	0.886	0	2018/8/24 上午 11:17:02
171	T1CF	20180823	1FPSL100	20.837	0.996	0	0	0	0	0	2.166	0	0	0	0	0	0	2018/8/24 上午 11:17:02
172	T1CF	20180823	1FRRL100	22.233	1.02	0.492	0	0	0	0	0.255	0	0	0	0	0	0	2018/8/24 上午 11:17:02