1	T0	20180823	20180824	0AANO100	1440	282.5	1382.125	1349.13625	0.95	0.97	24	2018/8/24 下午 01:17:18	106	74.6888	48.2
2	T0	20180823	20180824	0ACOA100	1439.31	1138.93	1410.7739	1383.58951	0.905	0.9	24	2018/8/24 下午 01:17:18	1040	60	60
3	T0	20180823	20180824	0ACOA200	1413.4	1065.02	1380.3039	1348.77551	0.905	0.9	24	2018/8/24 下午 01:17:18	856	60	60
4	T0	20180823	20180824	0ACOA300	1440	750.65	1374.51175	1312.125575	0.905	0.9	24	2018/8/24 下午 01:17:18	523	54.5455	66
5	T0	20180823	20180824	0ACOA400	870.28	613.45	845.88115	822.638035	0.905	0.9	24	2018/8/24 下午 01:17:18	509	60	60
6	T0	20180823	20180824	0ACOA500	1440	1342.93	1430.77835	1421.993515	0.905	0.9	24	2018/8/24 下午 01:17:18	1234	60	60
7	T0	20180823	20180824	0ACOA600	1437.4	1252.93	1419.87535	1403.180815	0.905	0.9	24	2018/8/24 下午 01:17:18	992	60	60
8	T0	20180823	20180824	0ACOA700	1440	1135.58	1411.0801	1383.53009	0.905	0.9	24	2018/8/24 下午 01:17:18	1045	65.1324	55.272
9	T0	20180823	20180824	0ACVD100	1440	1408.18	1437.1362	1435.68839	0.91	0.95	24	2018/8/24 下午 01:17:18	513	45	80
10	T0	20180823	20180824	0ACVD200	1430.01	1424.38	1429.5033	1429.247135	0.91	0.95	24	2018/8/24 下午 01:17:18	639	34.2857	105
11	T0	20180823	20180824	0ACVD300	1233.23	1213	1231.4093	1230.488835	0.91	0.95	24	2018/8/24 下午 01:17:18	505	34.2857	105
12	T0	20180823	20180824	0ACVD400	1241.37	1224.82	1239.8805	1239.127475	0.91	0.95	24	2018/8/24 下午 01:17:18	681	43.83	82.1356
13	T0	20180823	20180824	0ADET100	1357.26	1338.79	1355.7824	1354.762856	0.92	0.94	24	2018/8/24 下午 01:17:18	661	39.3121	91.5749
14	T0	20180823	20180824	0ADET200	1254.52	1233.37	1250.5053	1249.648535	0.91	0.95	24	2018/8/24 下午 01:17:18	1041	60	60
15	T0	20180823	20180824	0ADET300	1009.63	997.21	1008.6364	1008.06508	0.92	0.95	24	2018/8/24 下午 01:17:18	1115	67.7263	53.1551
16	T0	20180823	20180824	0ADET400	1417.2	1375.88	1415.134	1413.1713	0.95	0.95	24	2018/8/24 下午 01:17:18	1340	68.4784	52.5713
17	T0	20180823	20180824	0ADEV100	1440	1279.52	1433.5808	1425.87776	0.96	0.95	24	2018/8/24 下午 01:17:18	1357	68.7314	52.3778
18	T0	20180823	20180824	0ADEV200	1398.55	780.97	1373.8468	1344.20296	0.96	0.95	24	2018/8/24 下午 01:17:19	479	40	90
19	T0	20180823	20180824	0ADEV300	1435.15	991.58	1417.4072	1396.11584	0.96	0.95	24	2018/8/24 下午 01:17:19	898	68.3191	52.6939
20	T0	20180823	20180824	0ADEV400	1381.16	1091.23	1369.5628	1355.64616	0.96	0.95	24	2018/8/24 下午 01:17:19	1150	65.3934	55.0514
21	T0	20180823	20180824	0ADEV500	1411.25	1275.28	1405.8112	1399.28464	0.96	0.95	24	2018/8/24 下午 01:17:19	1362	67.5534	53.2912
22	T0	20180823	20180824	0ADEV600	1339.58	1018.33	1326.73	1311.31	0.96	0.95	24	2018/8/24 下午 01:17:19	973	68.6614	52.4312
23	T0	20180823	20180824	0AEXP100	1406.22	1363.65	1403.6658	1402.465326	0.94	0.97	24	2018/8/24 下午 01:17:19	780	40.4705	88.9536
24	T0	20180823	20180824	0AEXP200	1438.73	1392.83	1435.976	1434.68162	0.94	0.97	24	2018/8/24 下午 01:17:19	867	35.7208	100.7816
25	T0	20180823	20180824	0AEXP300	1377.88	1375.2	1377.7192	1377.643624	0.94	0.97	24	2018/8/24 下午 01:17:19	916	29.6976	121.2217
26	T0	20180823	20180824	0AEXP400	1215.35	1211.92	1215.1442	1215.047474	0.94	0.97	24	2018/8/24 下午 01:17:19	467	29.9731	120.1075
27	T0	20180823	20180824	0AEXP500	1092.27	1085.12	1091.841	1091.63937	0.94	0.97	24	2018/8/24 下午 01:17:19	438	30.5085	118
28	T0	20180823	20180824	0AEXP600	1144.81	1128.33	1143.8212	1143.356464	0.94	0.97	24	2018/8/24 下午 01:17:19	488	31.0433	115.9669
29	T0	20180823	20180824	0AEXP700	1350.98	1347.8	1350.7892	1350.699524	0.94	0.97	24	2018/8/24 下午 01:17:19	261	13.3333	270
30	T0	20180823	20180824	0AEXP800	1291.48	1260.43	1289.617	1288.74139	0.94	0.97	24	2018/8/24 下午 01:17:19	220	16.3636	220
31	T0	20180823	20180824	0AEXP900	1431.95	1417.47	1431.0812	1430.672864	0.94	0.97	24	2018/8/24 下午 01:17:19	823	52.9412	68
32	T0	20180823	20180824	0AEXPA00	1324.58	1305.66	1323.4448	1322.911256	0.94	0.97	24	2018/8/24 下午 01:17:19	846	34.6392	103.9286
33	T0	20180823	20180824	0AEXPB00	0	0	1353.6	1312.992	0.94	0.97	0	2018/8/24 下午 01:17:19	0	0	0
34	T0	20180823	20180824	0AEXPC00	0	0	1353.6	1312.992	0.94	0.97	0	2018/8/24 下午 01:17:19	0	0	0
35	T0	20180823	20180824	0AINC100	1323.68	512.7	1250.6918	1213.79221	0.91	0.95	24	2018/8/24 下午 01:17:19	0	0	0
36	T0	20180823	20180824	0AORO100	1440	1370.02	1436.501	1434.50657	0.95	0.97	24	2018/8/24 下午 01:17:19	679	60	60
37	T0	20180823	20180824	0APDC100	1440	1340.07	1435.0035	1429.30749	0.95	0.94	24	2018/8/24 下午 01:17:19	2278	105.8824	34
38	T0	20180823	20180824	0APDC200	1064.91	685.68	1043.7825	1022.29635	0.95	0.94	24	2018/8/24 下午 01:17:19	1054	105.8824	34
39	T0	20180823	20180824	0APVD100	1439.35	661.68	1377.1364	1319.899888	0.92	0.92	24	2018/8/24 下午 01:17:19	367	32.7062	110.071
40	T0	20180823	20180824	0APVD200	1440	422.57	1358.6056	1283.722752	0.92	0.92	24	2018/8/24 下午 01:17:19	127	31.0345	116
41	T0	20180823	20180824	0APVD300	1440	802.85	1389.028	1342.13376	0.92	0.92	24	2018/8/24 下午 01:17:19	401	31.0345	116
42	T0	20180823	20180824	0APVD400	1408.48	411.48	1368.6	1292.0304	0.96	0.92	24	2018/8/24 下午 01:17:19	199	33.9221	106.1256
43	T0	20180823	20180824	0APVD500	1440	737.63	1383.8104	1332.115968	0.92	0.92	24	2018/8/24 下午 01:17:19	394	34.2857	105
44	T0	20180823	20180824	0APVD600	1440	1089.47	1411.9576	1386.158592	0.92	0.92	24	2018/8/24 下午 01:17:19	622	34.2857	105
45	T0	20180823	20180824	0APVD700	1440	826.37	1378.637	1334.45564	0.9	0.92	24	2018/8/24 下午 01:17:19	369	34.2857	105
46	T0	20180823	20180824	0ASTR100	1440	1170.52	1426.526	1418.84582	0.95	0.97	24	2018/8/24 下午 01:17:19	1577	85.7143	42
47	T0	20180823	20180824	0ASTR200	1440	1191.77	1427.5885	1420.513945	0.95	0.97	24	2018/8/24 下午 01:17:19	1485	85.7143	42
48	T0	20180823	20180824	0ASTR300	1440	1242.12	1430.106	1424.46642	0.95	0.97	24	2018/8/24 下午 01:17:19	1770	85.7143	42
49	T0	20180823	20180824	0ASTR400	1440	967.07	1416.3535	1402.874995	0.95	0.97	24	2018/8/24 下午 01:17:19	1248	85.7143	42
50	T0	20180823	20180824	0ASTR500	1314.26	1183.78	1307.736	1304.01732	0.95	0.97	24	2018/8/24 下午 01:17:19	1650	85.7143	42
51	T0	20180823	20180824	0ATES100	1440	1220.55	1426.833	1416.51885	0.94	0.95	24	2018/8/24 下午 01:17:19	439	26.9241	133.709
52	T0	20180823	20180824	0ATES200	1439.04	1257.82	1428.1668	1419.64946	0.94	0.95	24	2018/8/24 下午 01:17:19	369	16.2896	221
53	T0	20180823	20180824	0ATES300	1420.23	1363.95	1416.8532	1414.20804	0.94	0.95	24	2018/8/24 下午 01:17:19	470	19.7802	182
54	T0	20180823	20180824	0AWET100	1407.32	751.25	1344.599708	1308.99872552	0.9044	0.94	24	2018/8/24 下午 01:17:19	777	62.568	57.5374
55	T0	20180823	20180824	0AWET200	1438.73	945.78	1401.46298	1365.0083416	0.9244	0.92	24	2018/8/24 下午 01:17:19	786	58.5743	61.4604
56	T0	20180823	20180824	0AWET300	1298.95	936.43	1267.918288	1241.39922496	0.9144	0.92	24	2018/8/24 下午 01:17:19	459	31.4564	114.444
57	T0	20180823	20180824	0AWET400	1397.8	960.42	1372.606912	1347.87569728	0.9424	0.94	24	2018/8/24 下午 01:17:19	1063	81.4675	44.1894
58	T0	20180823	20180824	0AWET600	1435.5	402.3	1305.73008	971.4609504	0.8744	0.63	24	2018/8/24 下午 01:17:19	163	40	90
59	T1	20180823	20180824	1AANO100	1407.63	1403.63	1407.51	1407.316	0.97	0.95	24	2018/8/24 下午 01:17:19	827	48.6486	74
60	T1	20180823	20180824	1AANO200	1440	1440	1440	1440	0.97	0.95	24	2018/8/24 下午 01:17:19	641	48.6486	74
61	T1	20180823	20180824	1AANO300	1431.93	1226.58	1321.9795	1317.209525	0.97	0.95	24	2018/8/24 下午 01:17:19	418	19.6721	183
62	T1	20180823	20180824	1AANO400	1440	1388.92	1438.4676	1435.99022	0.97	0.95	24	2018/8/24 下午 01:17:19	992	75	48
63	T1	20180823	20180824	1ACVD100	1317.83	1317.3	1317.777	1317.75315	0.9	0.95	24	2018/8/24 下午 01:17:19	926	39.8005	90.4512
64	T1	20180823	20180824	1ACVD200	1424.09	843.57	1342.8172	1317.85484	0.86	0.95	24	2018/8/24 下午 01:17:19	477	42.6961	84.3168
65	T1	20180823	20180824	1ACVD300	1440	9.42	1239.7188	1178.20386	0.86	0.95	24	2018/8/24 下午 01:17:19	0	0	0
66	T1	20180823	20180824	1ACVD400	1440	1246.3	1420.63	1411.9135	0.9	0.95	24	2018/8/24 下午 01:17:19	637	44.3366	81.1971
67	T1	20180823	20180824	1ACVD700	1377.01	746.3	1288.1258	1261.03451	0.86	0.95	24	2018/8/24 下午 01:17:19	449	43.0629	83.5986
68	T1	20180823	20180824	1ACVD800	1427.59	1133	1315.178	1306.0691	0.9	0.95	24	2018/8/24 下午 01:17:19	897	52.141	69.0435
69	T1	20180823	20180824	1ADET100	1440	906.43	1413.3215	1387.976925	0.95	0.95	24	2018/8/24 下午 01:17:19	168	56.25	64
70	T1	20180823	20180824	1ADET200	1397.45	921.78	1373.6665	1351.072175	0.95	0.95	24	2018/8/24 下午 01:17:19	598	83.7209	43
71	T1	20180823	20180824	1ADET300	1426.07	1325.52	1421.0425	1416.266375	0.95	0.95	24	2018/8/24 下午 01:17:19	1489	83.3964	43.1673
72	T1	20180823	20180824	1ADET400	1440	1311.83	1429.7464	1425.029744	0.92	0.96	24	2018/8/24 下午 01:17:19	912	65.1952	55.2188
73	T1	20180823	20180824	1ADET500	1421.8	949.88	1384.0464	1366.679744	0.92	0.96	24	2018/8/24 下午 01:17:19	877	66.6458	54.0169
74	T1	20180823	20180824	1ADET600	1440	485.68	1392.284	1346.9538	0.95	0.95	24	2018/8/24 下午 01:17:19	434	56.25	64
75	T1	20180823	20180824	1AINC300	1429.52	1167.27	1413.785	1396.52895	0.94	0.93	24	2018/8/24 下午 01:17:19	1773	120	30
76	T1	20180823	20180824	1APDC100	1440	1153.6	1408.528	1388.13376	0.94	0.92	24	2018/8/24 下午 01:17:19	1494	94.7368	38
77	T1	20180823	20180824	1APDC200	1440	1185.83	1397.612	1380.66944	0.94	0.92	24	2018/8/24 下午 01:17:19	1442	94.7368	38
78	T1	20180823	20180824	1APDC300	1123.87	706.87	1013.075	988.5786	0.94	0.92	24	2018/8/24 下午 01:17:19	866	94.7368	38
79	T1	20180823	20180824	1APDC400	1429.97	911.48	1306.6748	1275.059216	0.94	0.92	24	2018/8/24 下午 01:17:19	1205	94.7368	38
80	T1	20180823	20180824	1APDC500	1439.99	997.93	1312.0122	1286.885624	0.94	0.92	24	2018/8/24 下午 01:17:19	1249	94.7368	38
81	T1	20180823	20180824	1APDC600	1440	1072.45	1350.3422	1328.110824	0.94	0.92	24	2018/8/24 下午 01:17:19	1354	94.7368	38
82	T1	20180823	20180824	1APDC700	1439.99	837.13	1170.7172	1144.030224	0.94	0.92	24	2018/8/24 下午 01:17:19	1198	94.7368	38
83	T1	20180823	20180824	1APHT100	1348.45	1348.45	1348.45	1348.45	0.91	0.99510989	24	2018/8/24 下午 01:17:19	865	42.6828	84.3431
84	T1	20180823	20180824	1APHT200	1265.21	1263.59	1265.0642	1265.05699099984	0.91	0.99510989	24	2018/8/24 下午 01:17:19	677	41.3062	87.154
85	T1	20180823	20180824	1APHT300	1244.72	1208.15	1213.9467	1213.91835349936	0.91	0.99510989	24	2018/8/24 下午 01:17:19	541	41.3648	87.0304
86	T1	20180823	20180824	1APHT400	950.05	948.43	949.9042	949.896990999838	0.91	0.99510989	24	2018/8/24 下午 01:17:19	479	53.734	66.9967
87	T1	20180823	20180824	1APHT500	1332.21	1321.73	1322.8948	1322.88910399987	0.91	0.99510989	24	2018/8/24 下午 01:17:19	1015	48.6641	73.9765
88	T1	20180823	20180824	1APHT600	1408.09	1402.42	1403.8305	1403.82360249985	0.91	0.99510989	24	2018/8/24 下午 01:17:19	985	54.1167	66.5229
89	T1	20180823	20180824	1APHT700	1408.55	1406.43	1408.3592	1408.34976599979	0.91	0.99510989	24	2018/8/24 下午 01:17:19	833	45.1958	79.6535
90	T1	20180823	20180824	1APHT800	958.13	957	958.0283	958.023271499887	0.91	0.99510989	24	2018/8/24 下午 01:17:19	895	52.9969	67.9285
91	T1	20180823	20180824	1APHT900	1440	1440	1440	1440	0.91	0.99510989	24	2018/8/24 下午 01:17:19	408	16.7442	215
92	T1	20180823	20180824	1APHTA00	1216.36	1210.48	1215.8308	1215.80463399941	0.91	0.99510989	24	2018/8/24 下午 01:17:19	419	53.7387	66.9908
93	T1	20180823	20180824	1APHTB00	1440	1440	1440	1440	0.91	0.99510989	24	2018/8/24 下午 01:17:19	413	20	180
94	T1	20180823	20180824	1APHTC00	1440	1440	1440	1440	0.91	0.99510989	24	2018/8/24 下午 01:17:19	562	16.3636	220
95	T1	20180823	20180824	1APHTD00	1422.67	1367.45	1369.7432	1369.73198599975	0.91	0.99510989	24	2018/8/24 下午 01:17:19	837	52.3213	68.8057
96	T1	20180823	20180824	1APHTF00	1173.04	1171.67	1172.9167	1172.91060349986	0.91	0.99510989	24	2018/8/24 下午 01:17:19	687	45	80
97	T1	20180823	20180824	1APHTG00	1315.91	1257.6	1258.4463	1258.44216149991	0.91	0.99510989	24	2018/8/24 下午 01:17:19	1249	60	60
98	T1	20180823	20180824	1APHTH00	1178.9	1178.32	1178.8478	1178.84521899994	0.91	0.99510989	24	2018/8/24 下午 01:17:19	920	60	60
99	T1	20180823	20180824	1APVD100	1385.28	1372.85	1382.9183	1382.112836	0.81	0.92	24	2018/8/24 下午 01:17:19	900	52.7849	68.2013
100	T1	20180823	20180824	1APVD200	1355.64	900.02	1269.0722	1239.548024	0.81	0.92	24	2018/8/24 下午 01:17:19	355	57.6685	62.4257
101	T1	20180823	20180824	1APVD300	1423.46	634.43	1328.7764	1294.05908	0.88	0.95	24	2018/8/24 下午 01:17:19	741	76.5957	47
102	T1	20180823	20180824	1APVD400	1440	1044.67	1364.8873	1339.269916	0.81	0.92	24	2018/8/24 下午 01:17:19	603	42.7988	84.1144
103	T1	20180823	20180824	1APVD500	1440	1155.43	1404.734	1392.2688	0.88	0.95	24	2018/8/24 下午 01:17:19	1412	76.5957	47
104	T1	20180823	20180824	1APVD600	1439.99	1351.11	1401.411	1397.38692	0.81	0.92	24	2018/8/24 下午 01:17:19	883	49.5225	72.6942
105	T1	20180823	20180824	1APVD700	1440	417.1	1096.9898	1042.598616	0.79	0.92	24	2018/8/24 下午 01:17:19	168	58.4728	61.5671
106	T1	20180823	20180824	1APVD800	1440	642.53	1320.3795	1286.487025	0.85	0.95	24	2018/8/24 下午 01:17:19	550	52.9412	68
107	T1	20180823	20180824	1APVD900	962.98	242.27	807.5782	762.353544	0.79	0.92	24	2018/8/24 下午 01:17:19	173	55.6022	64.7457
108	T1	20180823	20180824	1ASTR100	1440	552.98	1344.6625	1328.82885	0.95	0.98	24	2018/8/24 下午 01:17:19	649	75	48
109	T1	20180823	20180824	1ASTR200	1314.73	1068.13	1288.131	1283.73098	0.95	0.98	24	2018/8/24 下午 01:17:19	1247	75	48
110	T1	20180823	20180824	1ASTR300	1347.88	1280.48	1344.51	1343.2294	0.95	0.98	24	2018/8/24 下午 01:17:19	1539	75	48
111	T1	20180823	20180824	1ASTR400	1440	1378.83	1432.41	1431.3384	0.95	0.98	24	2018/8/24 下午 01:17:19	1623	75	48
112	T1	20180823	20180824	1ASTR500	1440	1302.6	1423.915	1421.4887	0.95	0.98	24	2018/8/24 下午 01:17:19	1524	75	48
113	T1	20180823	20180824	1ASTR600	1440	1022.8	1387.98	1380.6764	0.95	0.98	24	2018/8/24 下午 01:17:19	996	75	48
114	T1	20180823	20180824	1ASTR700	1440	1182.98	1424.5365	1419.70537	0.95	0.98	24	2018/8/24 下午 01:17:19	1388	75	48
115	T1	20180823	20180824	1ASTR800	1440	1302.87	1424.071	1421.64698	0.95	0.98	24	2018/8/24 下午 01:17:19	1556	75	48
116	T1	20180823	20180824	1ASTR900	1437.44	138.07	1340.4375	1316.39015	0.95	0.98	24	2018/8/24 下午 01:17:19	100	75	48
117	T1	20180823	20180824	1ASTRB00	1440.01	977.12	1384.214	1376.07212	0.95	0.98	24	2018/8/24 下午 01:17:19	1086	75	48
118	T1	20180823	20180824	1ATES100	1440	1415.68	1438.2976	1437.16672	0.93	0.95	24	2018/8/24 下午 01:17:19	123	18	200
119	T1	20180823	20180824	1ATES200	1420.84	1405.77	1419.7851	1419.084345	0.93	0.95	24	2018/8/24 下午 01:17:19	226	13.5921	264.86
120	T1	20180823	20180824	1ATES300	1440	1432.62	1439.4834	1439.14023	0.93	0.95	24	2018/8/24 下午 01:17:19	190	11.6411	309.25
121	T1	20180823	20180824	1ATES400	1440	1438.52	1439.8964	1439.82758	0.93	0.95	24	2018/8/24 下午 01:17:19	16	8.7379	412
122	T1	20180823	20180824	1ATES500	1439.97	1435.9	1439.6851	1439.495845	0.93	0.95	24	2018/8/24 下午 01:17:19	17	9.3506	385
123	T1	20180823	20180824	1ATES600	1400.88	1385.6	1399.8104	1399.09988	0.93	0.95	24	2018/8/24 下午 01:17:19	75	8.2438	436.6933
124	T1	20180823	20180824	1ATES800	1389.37	1389.37	1389.37	1389.37	0.93	0.95	24	2018/8/24 下午 01:17:19	131	8	450
125	T1	20180823	20180824	1AWET100	1415.42	1177.78	1404.50784158801	1388.50120989406	0.960833333	0.929401561	24	2018/8/24 下午 01:17:19	902	66.4149	54.2047
126	T1	20180823	20180824	1AWET200	1386.4	1246.05	1375.26286662184	1366.14063993962	0.960833333	0.929401561	24	2018/8/24 下午 01:17:19	1141	58.929	61.0905
127	T1	20180823	20180824	1AWET300	1415.14	1368.72	1411.11196665196	1408.11915998019	0.960833333	0.929401561	24	2018/8/24 下午 01:17:19	1000	52.9622	67.973
128	T1	20180823	20180824	1AWET400	1437.81	771.98	1411.73165811139	1366.56618970106	0.960833333	0.929401561	24	2018/8/24 下午 01:17:19	521	64.2857	56
129	T1	20180823	20180824	1AWET500	1440	863.52	1358.195	1348.3015	0.94	0.98	24	2018/8/24 下午 01:17:19	788	63.9538	56.2906
130	T1	20180823	20180824	1AWET600	1440	818.1	1343.2028	1332.700744	0.94	0.98	24	2018/8/24 下午 01:17:19	727	61.5124	58.5248
131	T1	20180823	20180824	1AWET700	1440	1020.07	1421.53499152739	1393.19218981241	0.960833333	0.929401561	24	2018/8/24 下午 01:17:19	830	66.3994	54.2174
132	T1	20180823	20180824	1AWET800	1427.03	734.7	1385.4902	1372.474396	0.94	0.98	24	2018/8/24 下午 01:17:19	706	66.1768	54.3997
133	T1	20180823	20180824	1AWET900	282.43	234.25	279.5392	278.633416	0.94	0.98	24	2018/8/24 下午 01:17:19	299	69.3211	51.9323