,2887
,1301
,3673
,1504
,1504
,1504
,1440
,2888
,2347
,2887
,2890
,2886
,2454
,3706
,2891
,2454
,2809
,2884
,3576
,3576
,2892
,8101
,2382
,2618
,1532
,2887
,2474
,3706
,3474
,2311
,2823
,2882
,2887
,2312
,3034
,2303
,1201
,2330
,6005
,1216
,2317
,2884
,1101
,8044
,8044
,8044
,2382
,1310
,3706
,3706
,2888
,2347
,2890
,4938
,2382
,1216
,1101
,1312
,2882
,2311
,2311
,2317
,3034
,2474
,6282
,3474
,6005
,2324
,4958
,2454
,1710
,5347
,2317
,2454
,2891
,2356
,5347
,3673
,2311
,2324
,2324
,2324
,3049
,5871
,3034
,2891
,3037
,2371
,2891
,2474
,1504
,2610
,1605
,2324
,2888
,5371
,2885
,2476
,2303
,2303
,2303
,2303
,2303
,2303
,2303
,2618
,2610
,2325
,6005
,3034
,6147
,6176
,3034
,1715
,1715
,1715
,2881
,2409
,8261
,2311
,2311
,2311
,2311
,2311
,2311
,2103
,2325
,2325
,2325
,2369
,2325
,2382
,2324
,2884
,2311
,2885
,2317
,2330
,2409
,2103
,2324
,2382
,3481
,2317
,2476
,3474
,2823
,1531
,2308
,1531
,3034
,2308
,2308
,2885
,2883
,2356
,9938
,2402
,1531
,2402
,2402
,2402
,2823
,2330
,2308
,2882
,2325
,2884
,2325
,3044
,2330
,2330
,2311
,2385
,2356
,2882
,2385
,3006
,2609
,3034
,9933
,1605
,2303
,3189
,3474
,2881
,3474
,5264
,3227
,2882
,6147
,2903
,2903
,2360
,2449
,2356
,2325
,3481
,1102
,2360
,3607
,2330
,2356
,5264
,8150
,2317
,2887
,2325
,3481
,3698
,2474
,2454
,2303
,2885
,2454
,2891
,6176
,1565
,2439
,2324
,2356
,4904
,2882
,5347
,2325
,3227
,3673
,3673
,3231
,3231
,2891
,6412
,2913
,2885
,2913
,3227
,2476
,2401
,3034
,2106
,3231
,9945
,2402
,6223
,2325
,1101
,1301
,2882
,2885
,2330
,4164
,2880
,2915
,2882
,5347
,6176
,3702
,3231
,2317
,2317
,2634
,2311
,2311
,2448
,3034
,2890
,6147
,1476
,4915
,3481
,2330
,2377
,2311
,2891
,2354
,3044
,2330
,2330
,2330
,2325
,2325
,2325
,2890
,2377
,1605
,2330
,2002
,2884
,1303
,9904
,2474
,2823
,2882
,2834
,5347
,2324
,6269
,2324
,2881
,1314
,9904
,2888
,2892
,2823
,2823
,2515
,2891
,2610
,2515
,2311
,2311
,2325
,2330
,2615
,2409
,5880
,5880
,8069
,2498
,2330
,2002
,2883
,2323
,2892
,2323
,3514
,3514
,2883
,2324
,2325
,4958
,2409
,3474
,2303
,2515
,2313
,2313
,2313
,2313
,2313
,2313
,2313
,2313
,2610
,2303
,2344
,2886
,2888
,2330
,2330
,3481
,2515
