,2330
,2886
,6121
,2353
,2353
,2353
,2474
,2356
,2887
,2881
,3481
,2317
,1104
,2882
,2312
,2412
,4904
,4938
,2393
,2393
,2002
,3706
,1532
,5871
,2882
,3474
,3689
,3689
,2454
,2884
,2049
,2847
,3474
,3474
,2887
,6147
,2913
,2317
,1504
,2882
,3702
,1532
,2325
,9921
,9921
,9921
,2330
,1477
,2881
,2881
,2449
,2454
,2454
,2382
,1447
,3044
,2330
,4904
,2474
,2823
,2883
,3034
,9939
,3498
,3231
,2330
,2308
,9904
,2357
,2476
,2301
,2002
,2884
,2317
,2883
,2311
,1532
,8261
,2347
,2891
,2409
,2409
,2847
,2499
,2888
,2801
,6505
,2317
,2884
,2382
,2382
,2474
,2330
,6147
,8039
,1434
,2476
,2912
,2882
,2882
,2882
,2882
,2882
,2882
,2882
,3474
,3474
,5347
,2885
,2886
,9907
,2301
,1326
,2892
,2892
,2892
,2327
,2382
,6153
,2325
,2325
,2325
,2325
,2325
,2325
,3003
,2454
,2454
,2454
,2103
,2330
,3231
,2311
,2888
,2330
,2393
,3044
,2891
,1303
,2330
,4938
,2882
,3474
,2489
,4938
,2890
,2881
,2881
,2317
,2884
,2393
,2884
,2884
,2891
,1447
,2888
,2347
,2317
,2330
,4938
,2353
,2353
,2324
,3383
,3383
,2308
,1626
,2823
,2062
,9933
,2412
,2412
,2454
,2474
,2327
,3045
,5347
,3673
,2449
,2385
,3036
,8069
,2881
,1303
,3481
,8046
,2357
,2360
,3598
,2609
,2474
,1216
,1216
,4938
,2499
,1216
,2356
,2303
,1101
,2474
,4904
,3260
,2325
,2313
,2448
,2881
,3034
,4904
,2324
,1702
,2357
,2402
,2357
,2356
,4106
,1303
,2499
,2303
,2474
,2882
,1101
,2881
,4915
,2881
,2823
,2393
,2412
,2412
,2409
,2409
,2353
,2891
,3481
,3037
,1722
,9907
,9921
,2330
,2324
,2886
,5347
,3231
,2324
,2882
,2105
,2474
,2548
,2356
,2886
,4164
,2603
,3474
,2330
,3481
,2915
,3045
,3231
,4979
,2308
,2325
,2308
,2634
,2634
,2887
,2472
,2886
,2382
,2330
,5264
,2890
,2347
,6146
,2890
,6505
,2379
,2385
,2887
,2887
,2887
,5264
,5264
,5264
,2883
,2823
,2412
,1605
,2409
,9921
,5347
,3474
,2891
,2833
,2888
,2504
,2883
,2886
,2325
,2303
,8213
,6116
,2888
,9904
,6239
,2354
,2354
,2308
,2409
,1402
,1312
,2903
,2903
,2888
,1455
,2915
,2881
,2885
,2885
,2823
,2409
,1815
,2885
,2892
,2383
,2330
,2303
,2323
,2323
,2823
,2308
,2892
,2615
,2823
,2313
,3474
,2847
,2324
,2884
,2884
,2884
,2884
,2884
,2884
,2884
,2448
,2448
,2313
,2890
,3045
,2883
,2313
,2498
,2448
