,2303
,2356
,2603
,2474
,2474
,2474
,查無券商
,2891
,2303
,2888
,2311
,2311
,2324
,1434
,2891
,1434
,2409
,2890
,2409
,2882
,2882
,2882
,2890
,2311
,2881
,3706
,2890
,3474
,2330
,2303
,2882
,2324
,2801
,2888
,2448
,2888
,2890
,3474
,3481
,2311
,2890
,3481
,3474
,1216
,1216
,1216
,1216
,2324
,2317
,5871
,2317
,3474
,2886
,2317
,3702
,2311
,3481
,2356
,2303
,2603
,2317
,2382
,5871
,3044
,3231
,2317
,2311
,6282
,2317
,4938
,2356
,2311
,2311
,2881
,2330
,2330
,2603
,3481
,2311
,2002
,2317
,2344
,2344
,2344
,3474
,2303
,2888
,2311
,2311
,2885
,2891
,2311
,2317
,6147
,2891
,2317
,2476
,2449
,2610
,2884
,2884
,2884
,2884
,2884
,2884
,2884
,2891
,2891
,2885
,2317
,2891
,2317
,6147
,2448
,2891
,2891
,2891
,2891
,2317
,2881
,2330
,2330
,2330
,2330
,2330
,2330
,2891
,2409
,2409
,2409
,2891
,2891
,2409
,2885
,3383
,2317
,3044
,2499
,2449
,2303
,2881
,3006
,2325
,2888
,2882
,2362
,2409
,2311
,2311
,2882
,3474
,2325
,3037
,3037
,2311
,2311
,2892
,3481
,2311
,2356
,2409
,2881
,2881
,2311
,2888
,2888
,2347
,2311
,2317
,2303
,2303
,1301
,1301
,2409
,2498
,2409
,2327
,2324
,2884
,2884
,2884
,2884
,2884
,2317
,2317
,2884
,2303
,2317
,2311
,2609
,5347
,2891
,2325
,2325
,3474
,2409
,2311
,2303
,2312
,4904
,1476
,2303
,6147
,8069
,6147
,2330
,2303
,2891
,3481
,2409
,2449
,2886
,2881
,3481
,3481
,2317
,3231
,3231
,4904
,2892
,2317
,2884
,8069
,2891
,2883
,2885
,2891
,3045
,3045
,3481
,3481
,2882
,2002
,2308
,2883
,5871
,5871
,2327
,2327
,2330
,2884
,2409
,2409
,2303
,4938
,4938
,2409
,2891
,1303
,1216
,1216
,3231
,2884
,1303
,2634
,2356
,2634
,2891
,3481
,2891
,1101
,2884
,2603
,2603
,2409
,3231
,3231
,2886
,3231
,5347
,2002
,2317
,2352
,2002
,2884
,2884
,2449
,2885
,2885
,2885
,9904
,9904
,9904
,2833
,3474
,2303
,2303
,2610
,3045
,8383
,1303
,2823
,2886
,2409
,2890
,2884
,2311
,2311
,2891
,2886
,1104
,2883
,2886
,3481
,2891
,2891
,2311
,3481
,1815
,2330
,2834
,2834
,2409
,2515
,2317
,2317
,2834
,2834
,3474
,3481
,2409
,3017
,2885
,3694
,2618
,2409
,2330
,2330
,2324
,3474
,2324
,6147
,2330
,2330
,2313
,2330
,2303
,2330
,2330
,2330
,2330
,2330
,2330
,2330
,3474
,2330
,2325
,2330
,2324
,2409
,3481
,2409
,3481
