,2356
,2891
,2892
,2501
,2501
,2501
,2303
,2353
,3481
,2888
,2888
,2603
,2603
,1434
,2325
,3481
,3706
,2454
,2311
,2311
,2449
,2311
,2384
,1532
,2454
,2888
,5871
,3474
,2890
,2002
,3474
,3474
,2881
,3034
,3474
,2330
,2833
,3474
,2324
,3474
,3474
,3481
,2891
,2881
,2881
,2881
,2317
,1532
,2317
,5871
,2317
,2882
,2886
,1216
,1216
,2448
,3034
,2882
,2356
,2330
,2454
,2823
,6282
,2883
,2330
,2317
,3481
,6282
,5347
,2311
,2317
,2356
,3045
,2881
,2881
,2891
,2002
,2885
,2886
,3481
,2356
,2356
,2311
,2317
,3474
,2347
,2385
,2885
,6282
,2317
,2356
,2330
,5871
,2317
,2303
,2891
,2330
,2618
,2311
,2311
,2311
,2311
,2311
,2311
,2311
,6286
,6286
,2891
,2891
,5347
,2886
,4938
,5347
,1409
,1409
,1409
,2382
,2823
,2882
,2890
,2890
,2890
,2890
,2890
,2890
,2890
,2385
,2385
,2385
,2324
,5371
,2885
,1605
,2454
,5466
,2330
,2809
,1216
,2881
,2888
,2885
,1101
,2886
,2325
,2103
,2888
,2888
,2330
,2884
,2409
,3474
,2409
,2409
,2489
,3481
,9938
,1447
,1447
,2337
,5347
,2823
,2823
,9904
,2881
,2330
,2409
,3037
,2883
,9907
,1301
,2303
,2303
,2448
,2409
,2547
,2891
,2884
,6271
,8101
,2324
,2356
,3481
,2324
,2324
,4904
,6282
,2439
,2609
,2330
,2317
,3702
,2891
,2891
,2823
,2882
,3474
,3481
,3034
,8069
,5347
,6147
,2356
,2886
,6176
,3481
,2330
,2883
,2311
,2330
,5388
,6116
,2882
,2312
,1303
,2303
,2330
,4904
,3231
,2317
,3231
,2610
,2884
,2409
,3045
,2454
,3045
,2330
,2330
,2353
,2353
,2883
,3044
,2887
,2317
,2317
,2303
,9914
,2891
,2327
,2454
,2311
,2311
,2881
,2311
,2356
,2892
,2886
,2881
,2891
,2891
,3105
,2881
,3481
,2311
,2634
,3231
,2634
,2891
,2325
,2884
,2456
,2884
,2884
,2892
,2456
,2887
,3474
,5347
,2884
,2891
,5483
,3682
,2886
,2439
,3231
,2382
,2890
,2890
,2890
,2382
,2382
,2382
,1216
,2382
,2610
,2311
,2330
,2330
,2881
,1402
,2610
,2330
,2885
,3481
,2330
,2330
,2354
,2311
,2317
,2330
,1314
,2885
,2330
,2890
,2890
,2891
,2382
,2515
,2888
,1312
,1312
,1909
,2888
,3481
,2885
,2892
,2892
,2615
,2324
,2324
,2888
,2330
,2324
,2885
,2890
,2308
,2308
,2308
,2409
,2303
,2313
,2324
,2891
,2409
,2409
,2330
,2311
,2311
,2311
,2311
,2311
,2311
,2311
,2409
,3474
,3481
,2883
,2884
,2311
,2311
,2354
,2882
