,3474
,2888
,2448
,2303
,2303
,2303
,3474
,2311
,2890
,2890
,1310
,2311
,2330
,2330
,1216
,2311
,2002
,3481
,2454
,2454
,2888
,2382
,3706
,2311
,3474
,2867
,3706
,2311
,2801
,2823
,2809
,2890
,2885
,1216
,2312
,2311
,2439
,2890
,2891
,2891
,2823
,2311
,2881
,3474
,3474
,3474
,1216
,2881
,1326
,1326
,2887
,2311
,2382
,2330
,2454
,3034
,2105
,3698
,3034
,2888
,1590
,2882
,3231
,6282
,2890
,6282
,2809
,2311
,2356
,5371
,2823
,2890
,9904
,2311
,2454
,2847
,6202
,3706
,2330
,2330
,2311
,2311
,5871
,2449
,3022
,2382
,8101
,3591
,2317
,4528
,9904
,2303
,3059
,9904
,2618
,6505
,2311
,1216
,3481
,3481
,3481
,3481
,3481
,3481
,3481
,2610
,2618
,2474
,2888
,2449
,2356
,1715
,4947
,2365
,2365
,2365
,2308
,6176
,2888
,2409
,2409
,2409
,2409
,2409
,2409
,2385
,2356
,2356
,2356
,2885
,2454
,2884
,2330
,2379
,6239
,3034
,2888
,2325
,2360
,2886
,2325
,3006
,8105
,2886
,1303
,2317
,1402
,2888
,2311
,2317
,2449
,2454
,2454
,2356
,2330
,5349
,1101
,8069
,2454
,6116
,9904
,9904
,3034
,2890
,2823
,2823
,3474
,3034
,1301
,3034
,2337
,2337
,1301
,2886
,2890
,2884
,2353
,2402
,2412
,2412
,1101
,2409
,4938
,2412
,6282
,2609
,2609
,3035
,2547
,2311
,2449
,2458
,2458
,3037
,2330
,2317
,2317
,2888
,2312
,3673
,2891
,6176
,2884
,8150
,2409
,3034
,9904
,6257
,2377
,2393
,2393
,6116
,2330
,3698
,2409
,2356
,2454
,9942
,2303
,2409
,2618
,2882
,2456
,2356
,3227
,1216
,6116
,6116
,2890
,2890
,2317
,3227
,3044
,6005
,2448
,2881
,2892
,3702
,2884
,2317
,2888
,2884
,1216
,2886
,2360
,2448
,2330
,2354
,2412
,6176
,2880
,1101
,1101
,2886
,3045
,2449
,2324
,2903
,1536
,2308
,2311
,3231
,3231
,3231
,5264
,2892
,2884
,2884
,2888
,5347
,5264
,2325
,2883
,1476
,3227
,2454
,2834
,2834
,2834
,2886
,2886
,2886
,5264
,2887
,2325
,1312
,2303
,2308
,2887
,8422
,2618
,5347
,2330
,2337
,2317
,2903
,2308
,2409
,5347
,2886
,2303
,1314
,2882
,8069
,8069
,2409
,2515
,6505
,1455
,2409
,2409
,2356
,2303
,2515
,3481
,2890
,2890
,2383
,2325
,3474
,2892
,2886
,3481
,3474
,2823
,2313
,2313
,5347
,2330
,2330
,2412
,2325
,2823
,2883
,3266
,3474
,2823
,2823
,2823
,2823
,2823
,2823
,2823
,2412
,2313
,2311
,2884
,6116
,2891
,2412
,2412
,3576
